   1.0000000000000000e+00	   1.0000000000000000e+00	   5.5121732123575903e-03	   1.0000000000000001e-01	   1.0562093522551053e+00	   1.7807486631016042e-01	   2.9000000000000000e+01	   5.1641711229946523e+00	   8.0024401295872905e-02	   9.3728866758436979e-01	
   1.0000000000000000e+00	   2.0000000000000000e+00	   4.6396235267135936e-03	   1.0000000000000001e-01	   2.5443599195389277e+00	   1.7807486631016042e-01	   2.9000000000000000e+01	   5.1641711229946523e+00	   1.3629863937715536e-01	   8.4957163620522214e-01	
   1.0000000000000000e+00	   3.0000000000000000e+00	   3.7582173192225229e-03	   1.0000000000000001e-01	   2.4416711538874969e+00	   1.7807486631016042e-01	   2.9000000000000000e+01	   5.1641711229946523e+00	   9.9458722081455800e-02	   8.7533617378349782e-01	
   1.0000000000000000e+00	   4.0000000000000000e+00	   3.9203940684524388e-03	   1.0000000000000001e-01	   1.2549450288079091e+00	   1.7807486631016042e-01	   2.9000000000000000e+01	   5.1641711229946523e+00	   1.5262474096813472e-01	   6.7029130729176645e-01	
   2.0000000000000000e+00	   1.0000000000000000e+00	   5.6371577170227982e-03	   1.0000000000000001e-01	   5.8579780506331405e+00	   4.5954545454545453e-01	   4.8000000000000000e+01	   2.2058181818181819e+01	   6.2385271249831037e-02	   9.3069287877321194e-01	
   2.0000000000000000e+00	   2.0000000000000000e+00	   3.7214489826326975e-03	   1.0000000000000001e-01	   1.0247749284069339e+01	   4.5954545454545453e-01	   4.8000000000000000e+01	   2.2058181818181819e+01	   1.0091449564404122e-01	   6.7929613322602012e-01	
   2.0000000000000000e+00	   3.0000000000000000e+00	   3.4882660515499590e-03	   1.0000000000000001e-01	   1.3133826211120812e+01	   4.5954545454545453e-01	   4.8000000000000000e+01	   2.2058181818181819e+01	   7.8083081378374317e-02	   7.4120234226658055e-01	
   2.0000000000000000e+00	   4.0000000000000000e+00	   3.0588810014982302e-03	   1.0000000000000001e-01	   1.8355080597504941e+01	   4.5954545454545453e-01	   4.8000000000000000e+01	   2.2058181818181819e+01	   1.0678657272861292e-01	   4.6752866677131966e-01	
   3.0000000000000000e+00	   1.0000000000000000e+00	   7.2021708928669478e-03	   1.0000000000000001e-01	   5.5276848605856510e-01	   2.8008849557522125e-01	   3.7000000000000000e+01	   1.0363274336283187e+01	   7.0837414180203201e-02	   9.5239870556760831e-01	
   3.0000000000000000e+00	   2.0000000000000000e+00	   5.2347669693407067e-03	   1.0000000000000001e-01	   2.2363263685133949e+00	   2.8008849557522125e-01	   3.7000000000000000e+01	   1.0363274336283187e+01	   5.7032459000455366e-02	   9.6250203179634664e-01	
   3.0000000000000000e+00	   3.0000000000000000e+00	   6.5669663667779522e-03	   1.0000000000000001e-01	   1.0876949748261755e+00	   2.8008849557522125e-01	   3.7000000000000000e+01	   1.0363274336283187e+01	   7.6745710710186862e-02	   9.4373175870140691e-01	
   3.0000000000000000e+00	   4.0000000000000000e+00	   5.5939514382866290e-03	   1.0000000000000001e-01	   1.4044112941804154e+00	   2.8008849557522125e-01	   3.7000000000000000e+01	   1.0363274336283187e+01	   7.7477297317836674e-02	   9.2526590456757274e-01	
   4.0000000000000000e+00	   1.0000000000000000e+00	   4.4154454612192039e-03	   1.0000000000000001e-01	   2.2088134651930567e+00	   2.6315789473684209e-01	   2.0000000000000000e+01	   5.2631578947368416e+00	   7.0139536874997258e-02	   9.4484646413562157e-01	
   4.0000000000000000e+00	   2.0000000000000000e+00	   4.3926548457050175e-03	   1.0000000000000001e-01	   2.4301216926389277e+00	   2.6315789473684209e-01	   2.0000000000000000e+01	   5.2631578947368416e+00	   6.3371169923144691e-02	   9.5471293298187254e-01	
   4.0000000000000000e+00	   3.0000000000000000e+00	   4.7738294431379311e-03	   1.0000000000000001e-01	   2.0121237592429679e+00	   2.6315789473684209e-01	   2.0000000000000000e+01	   5.2631578947368416e+00	   5.6403650365163295e-02	   9.6415206952596233e-01	
   4.0000000000000000e+00	   4.0000000000000000e+00	   4.7445550644002119e-03	   1.0000000000000001e-01	   1.8896089571378203e+00	   2.6315789473684209e-01	   2.0000000000000000e+01	   5.2631578947368416e+00	   6.7397953865650492e-02	   9.5036333417760810e-01	
   5.0000000000000000e+00	   1.0000000000000000e+00	   3.8189364403588967e-03	   1.0000000000000001e-01	   6.4953349652552772e-01	   3.2082262210796914e-01	   1.0000000000000000e+02	   3.2082262210796912e+01	   6.6550135690562839e-02	   9.4331503981851916e-01	
   5	2	0.00374859840674981	0.100000000000000	0.960552047266183	0.320822622107969	100	32.0822622107969	0.0680965581210031	0.936241274458890   
   5.0000000000000000e+00	   3.0000000000000000e+00	   3.7416592844786577e-03	   1.0000000000000001e-01	   7.8209512375292600e-01	   3.2082262210796914e-01	   1.0000000000000000e+02	   3.2082262210796912e+01	   6.6070469530704737e-02	   9.3683789594296729e-01	
   5.0000000000000000e+00	   4.0000000000000000e+00	   3.5517774493949335e-03	   1.0000000000000001e-01	   1.0969947406310556e+00	   3.2082262210796914e-01	   1.0000000000000000e+02	   3.2082262210796912e+01	   8.8727001454331544e-02	   8.9855265745849322e-01	
   6	1	0.00243569940106145	0.100000000000000	1.03343753972435	0.214785992217899	265	56.9182879377432	0.0436213746466333	0.978270564262610
   6	2	0.00282227405320277	0.100000000000000	1.14716618371520	0.214785992217899	265	56.9182879377432	0.0685729831017265	0.953126358298414
   6	3	0.00311865547732552	0.100000000000000	0.922909006959478	0.214785992217899	265	56.9182879377432	0.0608908947103989	0.964109364874656
   6	4	0.00311905925783822	0.100000000000000	0.902532762056555	0.214785992217899	265	56.9182879377432	0.0628393694673062	0.963743454099645
   7.0000000000000000e+00	   1.0000000000000000e+00	   4.0810328004054798e-03	   1.0000000000000001e-01	   9.3472774883097809e-01	   2.4516129032258063e-01	   9.0000000000000000e+01	   2.2064516129032256e+01	   9.4018435403735293e-02	   9.2161037008215951e-01	
   7.0000000000000000e+00	   2.0000000000000000e+00	   3.4468393828543217e-03	   1.0000000000000001e-01	   1.0188626895700732e+00	   2.4516129032258063e-01	   9.0000000000000000e+01	   2.2064516129032256e+01	   9.3139567268238202e-02	   9.1127598932245157e-01	
   7.0000000000000000e+00	   3.0000000000000000e+00	   4.2425448023906591e-03	   1.0000000000000001e-01	   1.2171446400073083e+00	   2.4516129032258063e-01	   9.0000000000000000e+01	   2.2064516129032256e+01	   1.0887638416832832e-01	   8.9934418344806100e-01	
   7.0000000000000000e+00	   4.0000000000000000e+00	   4.2466367971623585e-03	   1.0000000000000001e-01	   1.4945011736900446e+00	   2.4516129032258063e-01	   9.0000000000000000e+01	   2.2064516129032256e+01	   1.1756856804955414e-01	   8.8862230918691920e-01	
   8.0000000000000000e+00	   1.0000000000000000e+00	   2.2026060669262369e-03	   1.0000000000000001e-01	   4.7745166042017564e+00	   3.1153846153846149e-01	   1.8900000000000000e+02	   5.8880769230769218e+01	   3.0002055198920428e-02	   9.8581335388606495e-01	
   8.0000000000000000e+00	   2.0000000000000000e+00	   1.7339313924671475e-03	   1.0000000000000001e-01	   7.7293622197251972e+00	   3.1153846153846149e-01	   1.8900000000000000e+02	   5.8880769230769218e+01	   7.5196927141318981e-02	   8.7370071286027384e-01	
   8.0000000000000000e+00	   3.0000000000000000e+00	   1.6747757644258788e-03	   1.0000000000000001e-01	   7.0602634985023895e+00	   3.1153846153846149e-01	   1.8900000000000000e+02	   5.8880769230769218e+01	   7.2694075879898706e-02	   8.8043467661034214e-01	
   8.0000000000000000e+00	   4.0000000000000000e+00	   1.6039444984104227e-03	   1.0000000000000001e-01	   6.7684207525312452e+00	   3.1153846153846149e-01	   1.8900000000000000e+02	   5.8880769230769218e+01	   6.6569963597022469e-02	   8.9054760994048565e-01	
   9.0000000000000000e+00	   1.0000000000000000e+00	   1.6159119990319156e-03	   1.0000000000000001e-01	   3.3632693379391259e+00	   2.7383367139959430e-01	   1.1500000000000000e+02	   3.1490872210953345e+01	   3.8390452678024246e-02	   9.6978955553250989e-01	
   9.0000000000000000e+00	   2.0000000000000000e+00	   1.6101967718154019e-03	   1.0000000000000001e-01	   3.1197264864261078e+00	   2.7383367139959430e-01	   1.1500000000000000e+02	   3.1490872210953345e+01	   3.8285673260661394e-02	   9.7115377220334032e-01	
   9	3	0.00181101747010849	0.100000000000000	3.09393136654050	0.273833671399594	115	31.4908722109533	0.0547131294036611	0.946895747957937
   9.0000000000000000e+00	   4.0000000000000000e+00	   1.8343143323422424e-03	   1.0000000000000001e-01	   3.0834753931432726e+00	   2.7383367139959430e-01	   1.1500000000000000e+02	   3.1490872210953345e+01	   5.4020479204204885e-02	   9.4957479833764324e-01	
   1.0000000000000000e+01	   1.0000000000000000e+00	   2.6508291965304880e-03	   1.0000000000000001e-01	   2.8624765866854580e+00	   2.2406639004149378e-01	   1.3700000000000000e+02	   3.0697095435684648e+01	   1.3061734115887053e-01	   8.1017962724047787e-01	
   1.0000000000000000e+01	   2.0000000000000000e+00	   1.8263350075662622e-03	   1.0000000000000001e-01	   5.9653781920713396e+00	   2.2406639004149378e-01	   1.3700000000000000e+02	   3.0697095435684648e+01	   1.2031400255580856e-01	   7.6430558348420907e-01	
   1.0000000000000000e+01	   3.0000000000000000e+00	   1.4664510771368211e-03	   1.0000000000000001e-01	   4.5483149221478927e+00	   2.2406639004149378e-01	   1.3700000000000000e+02	   3.0697095435684648e+01	   1.1654851319423296e-01	   6.8018418446308526e-01	
   1.0000000000000000e+01	   4.0000000000000000e+00	   1.4545213883778046e-03	   1.0000000000000001e-01	   5.8003751094881881e+00	   2.2406639004149378e-01	   1.3700000000000000e+02	   3.0697095435684648e+01	   1.0988927552031860e-01	   7.0616491088670763e-01	
